[gd_scene load_steps=10 format=3 uid="uid://lu7ptwlue4b4"]

[ext_resource type="Texture2D" uid="uid://b4605x0fmb43n" path="res://textures/wood_floor/WoodFloor011_1K-JPG_Color.jpg" id="1_0lfff"]
[ext_resource type="Script" path="res://scripts/room.gd" id="1_0ncgn"]
[ext_resource type="Texture2D" uid="uid://bv3m5g2658tuv" path="res://textures/wood_floor/WoodFloor011_1K-JPG_Roughness.jpg" id="2_p0cce"]
[ext_resource type="PackedScene" uid="uid://c2r58fe43u7ud" path="res://scenes/antique_wooden_desk.tscn" id="6_1cttq"]
[ext_resource type="PackedScene" uid="uid://5kqp5nmkchfn" path="res://scenes/old_table_lamp.tscn" id="6_24mpa"]
[ext_resource type="PackedScene" uid="uid://upjlsmi68dmo" path="res://scenes/photo.tscn" id="6_nv4ie"]

[sub_resource type="PlaneMesh" id="PlaneMesh_vk83i"]
size = Vector2(4, 5)

[sub_resource type="StandardMaterial3D" id="StandardMaterial3D_a8gwj"]
resource_local_to_scene = true
albedo_texture = ExtResource("1_0lfff")
roughness_texture = ExtResource("2_p0cce")
uv1_scale = Vector3(3, 3, 3)

[sub_resource type="StandardMaterial3D" id="StandardMaterial3D_75jre"]
resource_local_to_scene = true
albedo_texture = ExtResource("1_0lfff")
roughness_texture = ExtResource("2_p0cce")
uv1_scale = Vector3(3, 3, 3)

[node name="Room" type="Node3D"]
script = ExtResource("1_0ncgn")

[node name="OmniLight3D" type="OmniLight3D" parent="."]
transform = Transform3D(1, 0, 0, 0, 1, 0, 0, 0, 1, 0, 1.59347, 0)
light_energy = 0.75
omni_range = 6.974

[node name="Floor" type="MeshInstance3D" parent="."]
transform = Transform3D(0.999262, 0, 0, 0, 0.999262, 0, 0, 0, 0.999262, 0, 0, 0)
mesh = SubResource("PlaneMesh_vk83i")
surface_material_override/0 = SubResource("StandardMaterial3D_a8gwj")

[node name="Camera3D" type="Camera3D" parent="."]
transform = Transform3D(0.00128679, -0.7373, 0.675564, -0.0011791, 0.675563, 0.737302, -0.999999, -0.00174531, -4.27826e-08, -0.758443, 1.39435, 0.0118506)
current = true
fov = 60.0

[node name="Wall_2" type="MeshInstance3D" parent="."]
transform = Transform3D(-4.36791e-08, 0.999262, 0, -0.999262, -4.36791e-08, 0, 0, 0, 0.999262, -1.99361, 1.99462, 0)
mesh = SubResource("PlaneMesh_vk83i")
surface_material_override/0 = SubResource("StandardMaterial3D_75jre")

[node name="Antique wooden desk" parent="." instance=ExtResource("6_1cttq")]
transform = Transform3D(1, 0, 0, 0, 1, 0, 0, 0, 1, -1.43289, 0, 0.067388)

[node name="Bankers lamp" parent="." instance=ExtResource("6_24mpa")]
transform = Transform3D(-0.58039, 0, 0.814338, 0, 1, 0, -0.814338, 0, -0.58039, -1.62076, 0.796049, 0.488491)

[node name="OmniLight3D" type="OmniLight3D" parent="Bankers lamp"]
transform = Transform3D(1, 0, 5.96046e-08, 0, 1, 0, -5.96046e-08, 0, 1, 0.0151099, 0.279575, 0.056466)
light_energy = 0.2
light_specular = 0.167
shadow_enabled = true
shadow_opacity = 0.78
omni_range = 1.768

[node name="IMG_0526" parent="." instance=ExtResource("6_nv4ie")]
transform = Transform3D(0.124213, 0, 0.992256, 0, 1, 0, -0.992256, 0, 0.124213, -1.12701, 0.807486, 0.122432)

[node name="IMG_1055" parent="." instance=ExtResource("6_nv4ie")]
transform = Transform3D(-0.729286, 0, 0.684209, 0, 1, 0, -0.684209, 0, -0.729286, -1.36454, 0.803038, -0.121877)

[node name="IMG_1111" parent="." instance=ExtResource("6_nv4ie")]
transform = Transform3D(-0.347521, 0, -0.937672, 0, 1, 0, 0.937672, 0, -0.347521, -1.15392, 0.800663, 0.363668)

[node name="IMG_1152" parent="." instance=ExtResource("6_nv4ie")]
transform = Transform3D(-0.999394, 0, 0.034812, 0, 1, 0, -0.034812, 0, -0.999394, -1.24481, 0.802399, 0.41733)

[node name="IMG_1308" parent="." instance=ExtResource("6_nv4ie")]
transform = Transform3D(0.552932, 0, 0.833226, 0, 1, 0, -0.833226, 0, 0.552932, -1.41039, 0.808583, 0.501041)

[node name="IMG_1600" parent="." instance=ExtResource("6_nv4ie")]
transform = Transform3D(0.708621, 0, -0.705589, 0, 1, 0, 0.705589, 0, 0.708621, -1.29723, 0.80003, 0.105567)

[node name="IMG_1890" parent="." instance=ExtResource("6_nv4ie")]
transform = Transform3D(0.454893, 0, 0.890546, 0, 1, 0, -0.890546, 0, 0.454893, -1.44653, 0.805591, -0.193758)

[node name="IMG_2305" parent="." instance=ExtResource("6_nv4ie")]
transform = Transform3D(0.993162, 0, 0.116745, 0, 1, 0, -0.116745, 0, 0.993162, -1.42723, 0.806681, -0.37453)

[node name="IMG_2556" parent="." instance=ExtResource("6_nv4ie")]
transform = Transform3D(0.980892, 0, 0.194555, 0, 1, 0, -0.194555, 0, 0.980892, -1.12324, 0.800411, -0.296011)

[node name="IMG_2805" parent="." instance=ExtResource("6_nv4ie")]
transform = Transform3D(-0.934682, 0, -0.355484, 0, 1, 0, 0.355484, 0, -0.934682, -1.30011, 0.802341, 0.530107)

[node name="IMG_3003" parent="." instance=ExtResource("6_nv4ie")]
transform = Transform3D(0.270724, 0, 0.962657, 0, 1, 0, -0.962657, 0, 0.270724, -1.37699, 0.805968, 0.21468)

[node name="IMG_3035" parent="." instance=ExtResource("6_nv4ie")]
transform = Transform3D(-0.541772, 0, 0.840525, 0, 1, 0, -0.840525, 0, -0.541772, -1.53366, 0.801671, -0.0315188)

[node name="IMG_3104" parent="." instance=ExtResource("6_nv4ie")]
transform = Transform3D(0.592983, 0, -0.805215, 0, 1, 0, 0.805215, 0, 0.592983, -1.21904, 0.803028, -0.100211)

[node name="IMG_3240" parent="." instance=ExtResource("6_nv4ie")]
transform = Transform3D(-0.161491, 0, 0.986874, 0, 1, 0, -0.986874, 0, -0.161491, -1.272, 0.808713, 0.257377)

[node name="IMG_3490" parent="." instance=ExtResource("6_nv4ie")]
transform = Transform3D(0.467431, 0, -0.88403, 0, 1, 0, 0.88403, 0, 0.467431, -1.51573, 0.802646, 0.166664)

[node name="lofoten" parent="." instance=ExtResource("6_nv4ie")]
transform = Transform3D(0.996909, 0, 0.0785651, 0, 1, 0, -0.0785651, 0, 0.996909, -1.35313, 0.800724, 0.316023)

[node name="nyc2" parent="." instance=ExtResource("6_nv4ie")]
transform = Transform3D(-0.222807, 0, 0.974863, 0, 1, 0, -0.974863, 0, -0.222807, -1.37933, 0.80552, 0.0293679)

[node name="yosemite" parent="." instance=ExtResource("6_nv4ie")]
transform = Transform3D(0.813518, 0, 0.58154, 0, 1, 0, -0.58154, 0, 0.813518, -1.28469, 0.807903, -0.296284)
